#format: name ra_d dec_d i spi freq0 emaj_s emin_s pa_d
J0 -0.425177 -30.284228 0.000062 -0.700000 1420000000.000000 8.474147 5.800608 18.487756
J1 0.411054 -30.372472 0.000062 -0.700000 1420000000.000000 9.847235 5.686403 163.309924
J2 -0.132151 -30.430367 0.000067 -0.700000 1420000000.000000 8.150529 7.340197 65.724322
J3 0.393078 -30.161678 0.000072 -0.700000 1420000000.000000 8.638231 5.979102 153.635251
J4 -0.020324 -30.377778 0.000073 -0.700000 1420000000.000000 9.726134 6.677729 146.299414
J5 -0.366368 -29.608644 0.000107 -0.700000 1420000000.000000 9.925412 7.248047 147.859435
J6 -0.080296 -29.516751 0.000123 -0.700000 1420000000.000000 9.746107 6.502871 149.088347
J7 0.308879 -30.269071 0.000143 -0.700000 1420000000.000000 9.214023 8.059006 22.839593
J8 0.039110 -30.447099 0.000155 -0.700000 1420000000.000000 9.821594 5.420655 46.329531
J9 -0.398955 -30.265895 0.000157 -0.700000 1420000000.000000 7.564862 7.192290 147.978299
J10 -0.378817 -30.243206 0.000158 -0.700000 1420000000.000000 9.949956 9.502326 158.904392
J11 0.279563 -30.038836 0.000178 -0.700000 1420000000.000000 5.836298 5.493827 84.374030
J12 -0.254020 -30.452995 0.000183 -0.700000 1420000000.000000 9.158170 6.399406 46.024864
J13 -0.407564 -29.586554 0.000184 -0.700000 1420000000.000000 6.864248 6.571185 65.765593
J14 0.098364 -30.275978 0.000192 -0.700000 1420000000.000000 9.654181 5.292225 31.787964
J15 0.135276 -30.018311 0.000213 -0.700000 1420000000.000000 6.780488 5.010291 41.554213
J16 -0.344423 -29.935050 0.000229 -0.700000 1420000000.000000 6.822141 6.173881 19.652785
J17 -0.241590 -29.690400 0.000239 -0.700000 1420000000.000000 9.013573 8.563311 45.551209
J18 0.343526 -29.506619 0.000247 -0.700000 1420000000.000000 8.840300 5.479787 64.166122
J19 0.015247 -30.088786 0.000248 -0.700000 1420000000.000000 8.473408 8.382304 21.938964
J20 -0.211342 -29.847815 0.000249 -0.700000 1420000000.000000 7.521122 7.011508 140.734694
J21 0.013546 -30.121551 0.000269 -0.700000 1420000000.000000 8.707485 5.003617 12.621066
J22 0.258637 -29.689201 0.000280 -0.700000 1420000000.000000 9.539665 7.676513 159.453495
J23 0.088089 -30.332951 0.000283 -0.700000 1420000000.000000 9.679820 6.212166 101.642179
J24 0.498700 -29.906642 0.000283 -0.700000 1420000000.000000 9.517008 6.085097 63.867912
J25 0.384708 -30.434289 0.000319 -0.700000 1420000000.000000 8.185795 7.745130 20.728779
J26 0.226923 -30.161177 0.000330 -0.700000 1420000000.000000 9.412770 5.112524 142.257957
J27 -0.438437 -30.133583 0.000334 -0.700000 1420000000.000000 8.715598 5.769982 102.393138
J28 -0.321859 -30.026680 0.000340 -0.700000 1420000000.000000 7.930849 5.921873 1.771484
J29 0.329892 -29.897519 0.000342 -0.700000 1420000000.000000 6.295284 5.142131 53.306344
J30 -0.248772 -30.060628 0.000348 -0.700000 1420000000.000000 7.108053 5.847321 64.101051
J31 -0.379956 -29.871283 0.000368 -0.700000 1420000000.000000 6.128620 5.733626 2.246721
J32 0.183622 -29.521568 0.000370 -0.700000 1420000000.000000 8.640219 5.140584 100.462903
J33 -0.176034 -30.156473 0.000384 -0.700000 1420000000.000000 9.571440 6.717424 160.706229
J34 0.024515 -30.040154 0.000398 -0.700000 1420000000.000000 9.174266 6.757831 54.470776
J35 -0.024881 -29.999734 0.000399 -0.700000 1420000000.000000 8.749307 6.338992 174.908209
J36 0.164184 -29.701732 0.000406 -0.700000 1420000000.000000 7.888738 6.500295 156.912252
J37 0.029886 -30.119300 0.000411 -0.700000 1420000000.000000 9.227930 8.814768 61.812778
J38 -0.304895 -29.799144 0.000414 -0.700000 1420000000.000000 7.224236 6.585351 143.298491
J39 -0.121578 -30.027928 0.000419 -0.700000 1420000000.000000 6.811847 5.934126 92.379620
J40 -0.264842 -29.979750 0.000427 -0.700000 1420000000.000000 7.618202 6.766397 173.707220
J41 -0.190079 -30.045193 0.000428 -0.700000 1420000000.000000 9.865060 6.265897 95.101097
J42 0.357566 -30.020112 0.000433 -0.700000 1420000000.000000 9.143038 7.744104 126.309214
J43 0.406346 -30.060882 0.000433 -0.700000 1420000000.000000 9.964702 7.397567 133.531119
J44 0.368635 -29.922643 0.000447 -0.700000 1420000000.000000 8.181158 6.644319 140.006293
J45 -0.360332 -30.240653 0.000449 -0.700000 1420000000.000000 8.931282 5.358717 170.166123
J46 0.431349 -29.913042 0.000457 -0.700000 1420000000.000000 9.502940 9.131001 158.169169
J47 -0.205552 -30.412877 0.000465 -0.700000 1420000000.000000 7.347503 6.816315 150.446417
J48 0.423956 -29.871189 0.000465 -0.700000 1420000000.000000 9.656473 6.870574 43.927333
J49 0.394310 -30.365186 0.000469 -0.700000 1420000000.000000 8.610144 6.242208 69.563246
J50 0.174108 -30.217980 0.000486 -0.700000 1420000000.000000 7.132373 5.209968 69.226103
J51 -0.318768 -30.430682 0.000489 -0.700000 1420000000.000000 9.522513 9.114721 32.485438
J52 -0.168675 -29.874816 0.000499 -0.700000 1420000000.000000 7.964970 7.174378 130.721623
J53 -0.106513 -30.408846 0.000517 -0.700000 1420000000.000000 9.421081 8.329919 41.298631
J54 0.141006 -29.575934 0.000520 -0.700000 1420000000.000000 7.495195 7.065333 30.900360
J55 -0.417309 -29.551704 0.000521 -0.700000 1420000000.000000 7.492022 7.015849 108.990867
J56 -0.177979 -30.355712 0.000539 -0.700000 1420000000.000000 7.475510 5.703717 111.736925
J57 -0.225689 -30.483064 0.000541 -0.700000 1420000000.000000 9.792640 9.620632 27.861015
J58 -0.122776 -29.740495 0.000549 -0.700000 1420000000.000000 9.340769 8.846640 86.235029
J59 0.285448 -30.254396 0.000556 -0.700000 1420000000.000000 9.307751 5.578277 81.581216
J60 -0.066569 -30.391240 0.000556 -0.700000 1420000000.000000 9.581913 7.921684 165.087121
J61 -0.118457 -29.519976 0.000557 -0.700000 1420000000.000000 9.272678 7.229351 127.907874
J62 -0.057791 -30.194033 0.000619 -0.700000 1420000000.000000 7.164333 5.323568 27.829093
J63 -0.172607 -30.278936 0.000624 -0.700000 1420000000.000000 7.417925 6.746904 47.806338
J64 0.413205 -29.991528 0.000628 -0.700000 1420000000.000000 9.656990 5.322760 71.275947
J65 -0.330271 -30.245223 0.000642 -0.700000 1420000000.000000 8.689731 7.916203 171.341148
J66 -0.240430 -30.094684 0.000645 -0.700000 1420000000.000000 8.110679 7.311188 17.267788
J67 0.211148 -29.605803 0.000659 -0.700000 1420000000.000000 9.554809 5.852011 101.194305
J68 -0.128716 -29.990482 0.000664 -0.700000 1420000000.000000 7.507036 6.991245 138.543540
J69 0.314320 -30.402482 0.000681 -0.700000 1420000000.000000 8.815613 7.919027 72.415146
J70 -0.152613 -29.837756 0.000717 -0.700000 1420000000.000000 9.318399 9.143431 70.337722
J71 -0.347176 -29.795531 0.000751 -0.700000 1420000000.000000 6.059822 5.003997 148.556373
J72 0.327452 -30.223330 0.000776 -0.700000 1420000000.000000 9.548366 6.737759 153.205259
J73 -0.043613 -30.307578 0.000781 -0.700000 1420000000.000000 9.921037 6.321020 52.229938
J74 -0.039946 -29.906802 0.000784 -0.700000 1420000000.000000 9.477639 6.979825 21.759460
J75 -0.053034 -29.985793 0.000795 -0.700000 1420000000.000000 8.942208 8.467226 48.531845
J76 -0.321028 -30.466019 0.000805 -0.700000 1420000000.000000 8.767267 5.215310 154.855414
J77 0.436434 -30.263505 0.000813 -0.700000 1420000000.000000 8.920202 6.965739 31.957015
J78 0.063451 -30.173558 0.000818 -0.700000 1420000000.000000 9.597189 5.911009 113.398354
J79 0.405015 -29.826729 0.000819 -0.700000 1420000000.000000 7.703638 6.312182 121.394279
J80 -0.321664 -29.954699 0.000824 -0.700000 1420000000.000000 9.541696 5.092240 61.090247
J81 -0.423146 -29.911617 0.000826 -0.700000 1420000000.000000 9.815490 9.472537 134.962559
J82 -0.438255 -30.236114 0.000837 -0.700000 1420000000.000000 9.809382 5.034170 51.584016
J83 0.239792 -30.088435 0.000844 -0.700000 1420000000.000000 5.504118 5.216743 43.395508
J84 -0.016599 -30.134994 0.000891 -0.700000 1420000000.000000 7.796599 5.516158 37.671230
J85 -0.360431 -29.663307 0.000893 -0.700000 1420000000.000000 8.971267 6.523111 148.118832
J86 0.306619 -29.960489 0.000899 -0.700000 1420000000.000000 9.859392 6.653147 88.177659
J87 0.236635 -30.191522 0.000924 -0.700000 1420000000.000000 9.086458 7.172159 158.684575
J88 0.376574 -29.644487 0.000934 -0.700000 1420000000.000000 7.518079 6.745469 37.063743
J89 0.122988 -30.390390 0.000958 -0.700000 1420000000.000000 9.304430 7.153399 124.392356
J90 -0.464771 -30.224465 0.000980 -0.700000 1420000000.000000 8.571601 6.227835 107.514403
J91 -0.320498 -29.710565 0.001035 -0.700000 1420000000.000000 9.815090 9.544818 179.500458
J92 -0.086146 -30.360056 0.001052 -0.700000 1420000000.000000 9.398442 5.488001 127.876780
J93 0.350930 -30.310228 0.001054 -0.700000 1420000000.000000 5.884357 5.837588 48.923422
J94 0.351919 -30.436664 0.001055 -0.700000 1420000000.000000 7.547562 7.268873 49.453549
J95 0.291305 -29.501041 0.001078 -0.700000 1420000000.000000 7.278460 6.688556 98.563903
J96 0.490731 -30.397206 0.001081 -0.700000 1420000000.000000 6.518384 5.894846 47.375735
J97 0.489040 -29.642696 0.001097 -0.700000 1420000000.000000 8.871039 6.643684 75.053301
J98 0.230299 -30.117249 0.001097 -0.700000 1420000000.000000 9.200937 5.159130 170.218941
J99 0.350666 -29.915000 0.001100 -0.700000 1420000000.000000 5.599448 5.216343 38.540311
