#format: name ra_d dec_d i spi freq0 emaj_s emin_s pa_d
J0 -0.379543 -30.023448 0.000072 -0.700000 1420000000.000000 0.000000 0.000000 169.213567
J1 -0.047454 -30.343866 0.000088 -0.700000 1420000000.000000 0.000000 0.000000 40.153989
J2 0.486991 -29.840815 0.000104 -0.700000 1420000000.000000 0.000000 0.000000 37.640467
J3 -0.352460 -29.823238 0.000142 -0.700000 1420000000.000000 0.000000 0.000000 62.538659
J4 0.263855 -30.216813 0.000159 -0.700000 1420000000.000000 0.000000 0.000000 84.621796
J5 0.395967 -30.229661 0.000160 -0.700000 1420000000.000000 0.000000 0.000000 110.941918
J6 -0.293771 -30.484755 0.000172 -0.700000 1420000000.000000 0.000000 0.000000 146.828101
J7 -0.433879 -30.448718 0.000182 -0.700000 1420000000.000000 0.000000 0.000000 34.201136
J8 -0.348549 -30.436233 0.000188 -0.700000 1420000000.000000 0.000000 0.000000 66.641004
J9 -0.207554 -29.812348 0.000239 -0.700000 1420000000.000000 0.000000 0.000000 8.522196
J10 0.039584 -30.353659 0.000247 -0.700000 1420000000.000000 0.000000 0.000000 72.926130
J11 -0.147299 -29.675804 0.000256 -0.700000 1420000000.000000 0.000000 0.000000 103.396076
J12 0.262773 -29.540098 0.000267 -0.700000 1420000000.000000 0.000000 0.000000 166.883292
J13 0.247055 -29.770382 0.000276 -0.700000 1420000000.000000 0.000000 0.000000 150.247415
J14 0.454489 -30.170991 0.000295 -0.700000 1420000000.000000 0.000000 0.000000 12.415870
J15 -0.128916 -30.359179 0.000307 -0.700000 1420000000.000000 0.000000 0.000000 90.963044
J16 0.040075 -29.560196 0.000309 -0.700000 1420000000.000000 0.000000 0.000000 125.892336
J17 0.150306 -30.069486 0.000339 -0.700000 1420000000.000000 0.000000 0.000000 56.288223
J18 0.194305 -29.731630 0.000341 -0.700000 1420000000.000000 0.000000 0.000000 112.314648
J19 -0.471803 -30.004068 0.000349 -0.700000 1420000000.000000 0.000000 0.000000 163.498845
J20 -0.465083 -30.447552 0.000361 -0.700000 1420000000.000000 0.000000 0.000000 32.986233
J21 0.009803 -29.931639 0.000369 -0.700000 1420000000.000000 0.000000 0.000000 27.428484
J22 0.353035 -29.698931 0.000393 -0.700000 1420000000.000000 0.000000 0.000000 17.980783
J23 -0.256152 -29.916067 0.000403 -0.700000 1420000000.000000 0.000000 0.000000 31.777180
J24 0.465326 -29.989391 0.000412 -0.700000 1420000000.000000 0.000000 0.000000 84.467391
J25 -0.041919 -29.587876 0.000433 -0.700000 1420000000.000000 0.000000 0.000000 160.935760
J26 -0.333630 -30.310962 0.000435 -0.700000 1420000000.000000 0.000000 0.000000 16.323921
J27 -0.192275 -30.196365 0.000435 -0.700000 1420000000.000000 0.000000 0.000000 56.626299
J28 -0.244861 -29.983155 0.000443 -0.700000 1420000000.000000 0.000000 0.000000 2.939949
J29 0.349497 -29.942694 0.000446 -0.700000 1420000000.000000 0.000000 0.000000 90.725909
J30 0.190053 -30.149494 0.000453 -0.700000 1420000000.000000 0.000000 0.000000 163.551555
J31 -0.128285 -29.719050 0.000482 -0.700000 1420000000.000000 0.000000 0.000000 179.742804
J32 -0.261783 -29.705946 0.000498 -0.700000 1420000000.000000 0.000000 0.000000 104.385590
J33 -0.395164 -30.002948 0.000505 -0.700000 1420000000.000000 0.000000 0.000000 85.413425
J34 -0.090800 -29.773973 0.000509 -0.700000 1420000000.000000 0.000000 0.000000 158.384467
J35 0.256537 -30.434506 0.000517 -0.700000 1420000000.000000 0.000000 0.000000 102.743266
J36 0.065151 -29.603162 0.000519 -0.700000 1420000000.000000 0.000000 0.000000 8.786736
J37 0.007266 -30.078512 0.000528 -0.700000 1420000000.000000 0.000000 0.000000 89.699625
J38 -0.156684 -30.446407 0.000530 -0.700000 1420000000.000000 0.000000 0.000000 156.078257
J39 -0.136864 -30.280672 0.000536 -0.700000 1420000000.000000 0.000000 0.000000 155.432534
J40 0.024498 -30.125380 0.000552 -0.700000 1420000000.000000 0.000000 0.000000 106.373187
J41 0.149337 -29.776686 0.000555 -0.700000 1420000000.000000 0.000000 0.000000 146.580022
J42 0.267913 -29.549740 0.000582 -0.700000 1420000000.000000 0.000000 0.000000 44.943195
J43 -0.147175 -30.282988 0.000584 -0.700000 1420000000.000000 0.000000 0.000000 85.209323
J44 0.364759 -30.355673 0.000587 -0.700000 1420000000.000000 0.000000 0.000000 143.063354
J45 -0.232163 -30.457295 0.000594 -0.700000 1420000000.000000 0.000000 0.000000 34.299821
J46 0.012545 -29.587202 0.000595 -0.700000 1420000000.000000 0.000000 0.000000 34.309697
J47 -0.013245 -29.876023 0.000610 -0.700000 1420000000.000000 0.000000 0.000000 148.000532
J48 0.293433 -29.978834 0.000619 -0.700000 1420000000.000000 0.000000 0.000000 138.379033
J49 0.355530 -29.621872 0.000632 -0.700000 1420000000.000000 0.000000 0.000000 166.832035
J50 0.037856 -29.936455 0.000633 -0.700000 1420000000.000000 0.000000 0.000000 148.443165
J51 0.358338 -30.314517 0.000644 -0.700000 1420000000.000000 0.000000 0.000000 114.970053
J52 0.391375 -29.832744 0.000649 -0.700000 1420000000.000000 0.000000 0.000000 74.199082
J53 -0.300167 -30.243235 0.000660 -0.700000 1420000000.000000 0.000000 0.000000 53.637977
J54 0.286346 -29.731076 0.000660 -0.700000 1420000000.000000 0.000000 0.000000 143.744984
J55 0.207507 -30.114088 0.000679 -0.700000 1420000000.000000 0.000000 0.000000 130.449867
J56 0.012560 -30.320333 0.000689 -0.700000 1420000000.000000 0.000000 0.000000 76.790679
J57 0.382114 -29.664611 0.000713 -0.700000 1420000000.000000 0.000000 0.000000 110.442382
J58 0.199563 -30.336154 0.000715 -0.700000 1420000000.000000 0.000000 0.000000 149.774004
J59 -0.320971 -29.781613 0.000724 -0.700000 1420000000.000000 0.000000 0.000000 137.195814
J60 0.111719 -29.797620 0.000732 -0.700000 1420000000.000000 0.000000 0.000000 149.648221
J61 0.107710 -30.468101 0.000733 -0.700000 1420000000.000000 0.000000 0.000000 149.039511
J62 -0.202483 -30.243176 0.000733 -0.700000 1420000000.000000 0.000000 0.000000 149.345503
J63 -0.209407 -30.039600 0.000752 -0.700000 1420000000.000000 0.000000 0.000000 89.544854
J64 -0.256391 -29.559282 0.000762 -0.700000 1420000000.000000 0.000000 0.000000 160.999481
J65 -0.080142 -29.696850 0.000773 -0.700000 1420000000.000000 0.000000 0.000000 118.895773
J66 -0.397373 -29.769513 0.000777 -0.700000 1420000000.000000 0.000000 0.000000 147.452067
J67 -0.154106 -29.690686 0.000778 -0.700000 1420000000.000000 0.000000 0.000000 99.677432
J68 -0.465255 -30.093877 0.000780 -0.700000 1420000000.000000 0.000000 0.000000 29.191351
J69 -0.269208 -30.170511 0.000784 -0.700000 1420000000.000000 0.000000 0.000000 156.791350
J70 0.490164 -30.409341 0.000799 -0.700000 1420000000.000000 0.000000 0.000000 35.328585
J71 -0.443976 -29.765158 0.000802 -0.700000 1420000000.000000 0.000000 0.000000 102.450152
J72 0.148253 -29.840024 0.000806 -0.700000 1420000000.000000 0.000000 0.000000 46.433934
J73 0.391604 -29.568916 0.000831 -0.700000 1420000000.000000 0.000000 0.000000 50.937462
J74 -0.184394 -29.733272 0.000831 -0.700000 1420000000.000000 0.000000 0.000000 91.436996
J75 0.092023 -30.362502 0.000838 -0.700000 1420000000.000000 0.000000 0.000000 73.696093
J76 -0.018445 -30.483912 0.000848 -0.700000 1420000000.000000 0.000000 0.000000 74.409527
J77 -0.140367 -30.201722 0.000848 -0.700000 1420000000.000000 0.000000 0.000000 164.687009
J78 0.242780 -30.312107 0.000850 -0.700000 1420000000.000000 0.000000 0.000000 68.107283
J79 0.153136 -30.178909 0.000864 -0.700000 1420000000.000000 0.000000 0.000000 135.698609
J80 0.282285 -30.467427 0.000876 -0.700000 1420000000.000000 0.000000 0.000000 121.517134
J81 0.232729 -29.726487 0.000894 -0.700000 1420000000.000000 0.000000 0.000000 21.797342
J82 -0.237383 -30.290785 0.000896 -0.700000 1420000000.000000 0.000000 0.000000 74.776956
J83 0.000602 -30.067991 0.000903 -0.700000 1420000000.000000 0.000000 0.000000 148.030412
J84 0.492763 -29.740976 0.000914 -0.700000 1420000000.000000 0.000000 0.000000 44.673370
J85 0.282933 -29.758199 0.000928 -0.700000 1420000000.000000 0.000000 0.000000 103.709453
J86 -0.376893 -29.739267 0.000953 -0.700000 1420000000.000000 0.000000 0.000000 116.914004
J87 -0.228835 -29.866465 0.000958 -0.700000 1420000000.000000 0.000000 0.000000 51.308172
J88 0.220412 -29.527558 0.000981 -0.700000 1420000000.000000 0.000000 0.000000 109.935688
J89 -0.425534 -29.896606 0.000983 -0.700000 1420000000.000000 0.000000 0.000000 72.311156
J90 0.021394 -29.670076 0.000986 -0.700000 1420000000.000000 0.000000 0.000000 39.973069
J91 0.212433 -30.180197 0.000987 -0.700000 1420000000.000000 0.000000 0.000000 174.692977
J92 -0.216575 -30.212427 0.000994 -0.700000 1420000000.000000 0.000000 0.000000 177.065923
J93 -0.118294 -29.766109 0.001007 -0.700000 1420000000.000000 0.000000 0.000000 135.526011
J94 0.051896 -30.121761 0.001009 -0.700000 1420000000.000000 0.000000 0.000000 168.063346
J95 0.399777 -30.447993 0.001016 -0.700000 1420000000.000000 0.000000 0.000000 3.972709
J96 -0.191779 -29.702696 0.001040 -0.700000 1420000000.000000 0.000000 0.000000 165.749868
J97 0.232298 -29.871827 0.001066 -0.700000 1420000000.000000 0.000000 0.000000 175.594434
J98 -0.138336 -30.060287 0.001080 -0.700000 1420000000.000000 0.000000 0.000000 148.149259
J99 0.095719 -29.885294 0.001092 -0.700000 1420000000.000000 0.000000 0.000000 169.827554
